



76024214










76027040



76023955


76023972





76024374

76023845



76080956







76023725















76023659


76025443

76023713






76024517









76023293













76023647










76044703
76022873
76022878




76022888












76022806












76022698
76022589
76023498

76022414
76022387
76022447


76022385
76022342
76023450
76023450

















76024867






76022902





76022271


76021890


76023828



76021642




76021694

76033903









76024596




















76021072




76028926




76021330









76027144

76020716


76020699





76020625







76038355


76020308



















76019980








