76058781
76058713
76058669
76058646
76058599
76058576
76058570
76058541
76058398
76058266
76058255
76058236
76058228
76058207
76058201
76058095
76058091
76058024
76058011
76057977
76057927
76057884
76057835
76057817
76057766
76057751
76057670
76057657
76057585
76057579
76057420
76057394
76057385
76057358
76057281
76057260
76057219
76057213
76057088
76057063
76057036
76057032
76057025
76056962
76056944
76056931
76056891
76056842
76056840
76056686
76056656
76056652
76056617
76056551
76056530
76056529
76056526
76056519
76056446
76056419
76056298
76056270
76056240
76056237
76056097
76056073
76056072
76056035
76055959
76055940
76055931
76055900
76055853
76055846
76055809
76055778
76055751
76055743
76055724
76055707
76055686
76055649
76055468
76055456
76055438
76055418
76055397
76055390
76055345
76055275
76055272
76055253
76055246
76055240
76055226
76055140
76055132
76055062
76055023
76055000
76054991
76054925
76054922
76054894
76054858
76054782
76054781
76054779
76054677
76054642
76054600
76054597
76054595
76054591
76054502
76054487
76054437
76054376
76054210
76054209
76054146
76054136
76053962
76053783
76053759
76053707
76053674
76053664
76053586
76053572
76053551
76053543
76053447
76053442
76053372
76053240
76053216
76053145
76053109
76053098
76053042
76052998
76052955
76052947
76052941
76052863
76052787
76052763
76052747
76052732
76052709
76052513
76052449
76052432
76052349
76052348
76052290
76052274
76052134
76052122
76052092
76052055
76052007
76051975
76051949
76051919
76051906
76051879
76051801
76051735
76051713
76051701
76051597
76051531
76051527
76051455
76051445
76051423
76051419
76051409
76051402
76051368
76051349
76051316
76051306
76051304
76051214
76051154
76050999
76050981
76050939
76050910
76050905
76050896
76050895
76050837
76050820
76050815
76050735
76050683
76050652
76050522
76050417
76050319
76050313
76050305
76050297
76050296
76050189
76050042
76049985
76049942
76049874
76049855
76049802
76049762
76049747
76049715
76049695
76049655
76049589
76049552
76049520
76049453
76049447
76049436
76049422
76049410
76049353
76049339
76049338
76049299
76049283
76049211
76049210
76049196
76049169
76049106
76048906
76048885
76048846
76048804
76048718
76048673
76048647
76048646
76048545
76048459
76048445
76048444
76048404
76048398
76048350
76048349
76048317
76048286
76048189
76048164
76048155
76048124
76048071
76048053
76047982
76047927
76047920
76047878
76047772
76047763
76047735
76047512
76047493
76047483
76047361
76047269
76047245
76047229
76047207
76047169
76046942
76046932
76046919
76046918
76046858
76046845
76046837
76046829
76046728
76046692
76046686
76046685
76046653
76046641
76046555
76046531
76046497
76046450
76046372
76046297
76046181
76046164