76024224
76024219
76024217
76024202
76024167
76024153
76024137
76024129
76024125
76024124
76024118
76024117
76024112
76024008
76024007
76023998
76023983
76023963
76023945
76023938
76023933
76023929
76023916
76023876
76023894
76023889
76023880
76023858
76023852
76023809
76023799
76023785
76023771
76023767
76023766
76023764
76023760
76023755
76023724
76023719
76023718
76023706
76023703
76023698
76023682
76023673
76023652
76023648
76023629
76023622
76023629
76023622
76023613
76023605
76023599
76023593
76023590
76023575
76023573
76023569
76023564
76023559
76023530
76023508
76023492
76023490
76023474
76023451
76023439
76023433
76023394
76023358
76023357
76023355
76023332
76023324
76023299
76023269
76023252
76023247
76023246
76023235
76023127
76023125
76023117
76023097
76023089
76023085
76023066
76023060
76023025
76023007
76022992
76022988
76022985
76022975
76022967
76022937
76022924
76022890
76022868
76022862
76022838
76022822
76022821
76022817
76022812
76022811
76022795
76022794
76022787
76022783
76022762
76022736
76022730
76022694
76022687
76022679
76022678
76022661
76022646
76022634
76022579
76022577
76022561
76022555
76022548
76022519
76022512
76022507
76022501
76022469
76022463
76022457
76022455
76022445
76022427
76022412
76022408
76022378
76022365
76022359
76022357
76022351
76022329
76022321
76022304
76022291
76022286
76022261
76022261
76022258
76022237
76022234
76022226
76022213
76022203
76022183
76022178
76022167
76022112
76022101
76022058
76022054
76022035
76022019
76022014
76021996
76021971
76021962
76021933
76021931
76021929
76021927
76021918
76021914
76021906
76021892
76021878
76021870
76021859
76021857
76021762
76021704
76021698
76021696
76021692
76021688
76021665
76021607
76021606
76021571
76021525
76021504
76021501
76021498
76021476
76021473
76021462
76021451
76021448
76021421
76021345
76021304
76021302
76021299
76021282
76021279
76021277
76021275
76021264
76021251
76021222
76021202
76021173
76021171
76021140
76021133
76021110
76021108
76021087
76021017
76020971
76020966
76020954
76020948
76020929
76020926
76020922
76020895
76020879
76020870
76020838
76020832
76020824
76020786
76020762
76020734
76020732
76020713
76020709
76020698
76020687
76020684
76020681
76020662
76020661
76020660
76020652
76020646
76020626
76020620
76020608
76020607
76020588
76020567
76020560
76020491
76020481
76020437
76020424
76020422
76020402
76020376
76020355
76020335
76020323
76020318
76020306
76020302
76020286
76020261
76020247
76020231
76020210
76020196
76020194
76020182
76020167
76020133
76020132
76020123
76020081
76020065
76020060
76020024
76020013
76019997
76019995
76019985
76019972
76019932
76019931
76019929
76019913
76019893
76019887
76019862
76019861
76019850