20159305
15112149
1373185
23294659
509295
240205
47152692
1145781
53645883
2612815
20449433
1207461
952952
312464

20002504
986145
423596
20627316
36908
419185
292502

17071908
1101765
89243
17778390
370363
613218
1663826
231855
16424553
1894296
2158532
16476974
1832957
19913845
11205638
65064907
36250354
49775808
19960116
533917
2709832
6260097
48056120
394814
36922103
14132912
306353
26853961
493399


2626364
20648053
1680555
466376
16664376
2295368
100146

39923012
53218939
39980744
325528
480227
34835952
3431699
2600208
15705958
2953843
902417
133024

1301369
18415320
7961390
32825482
67692

19158418
739665
464882
3294899

8949265
47995294
522578
3172488
39983806
582337
448279
379910
3071
28654127
104436


31915155
45621723
9189193
7557028
4855685
16044380
4706520
2371789
434411
15479974
180993
12681217
9961598
4760517
2960791
3906148
2081708
826957

60211
25336738
7053664
1504742
5036775
73050
12453584
5893946
28648923
209854
252711

52413247
3323013

5082482

16985066
107717
743823
9001529
68672
3394898
54432584
576183
1009864
10063039
22221675
8548165
5466478
931095
4020824
1466036
52108199
20250996
494273
33533514
606199
189685
2068548
988251

2612615
31728991

5753614
1912483
13913933
58178276
9942822

23709194
152596
3092341
1267892
6473724
3277407
4693385
23435320
68961797
65264742

354130
4289557

230774
4896288
510364
3437070
5458807
1247490
35491399
11566296
24085681
1534343
7027113
176921
4700674
2921893
6921225
3052827
6269785