218510
513839

5554781
13102066
23353174
6343299
9554657

513259
25706217


3180202
7229519
409795
19896871
29140403
3988794
17874718
2745301
11432195
2723538

2424824

2839563
11227902
4113258
3481842
18093929
27609
34419
4216767
153785
574650
2793153
223929
1568230
215505


47853774
4685468
6255352
530289
3106909
767379
19843507
2784576
7520464
19209651
32636039
3423360
51634499
2033124
71399
41577235
322742

26245463
2265637
85206
214758

1625263
43574427
70358
26446609
147233
413904
2985169
48500679
290911
34658

10862262
1200646
5585800
4716521
3028660

6116020
5785816
4076706
7220685
2885224
1555307
24471410
48080871
309448
541506
9866659
2202300

44765546
6729645
285809
326440

4955695


271874
2371150
140861
9109728
1520212
1969651
25425131
9855338
245068
10370497
46908
1386288
4732617
2736612
37349
37632
35210
32343342
20389418
1532499
23653779
8881376
52682
21955257

27312494


3404369
13042296
4969191
17408827


36427118
33204705
1128728
3052456
94411
869078
32568266
4343547
161005
6592493
2671636
9619478
4167148
4837230
44724688

320595
3144617
8710685
2448857
1393503
106787
921400
189399
60775
40006381
10786112
7026563
1299889
798556
41156
1457879
1688182
17974068
992413
355177
1757107
2605051
520339

12569609
3301720
21116014
1066647

8801990
3542297
2811101
1566026


362006
322875
3572233
3329629
22458766

49065337
1915197
3615757
671052
1464366
49221353