218384
513832
40480
5554734
13102045
23353173
6343166
9554636
2770321
504103
25706216
2591098
5621338
3177733
7229226
409784
19896870
29140402
3988788
17874717
2745265
10382929
2723397
11731377
2422468
363681
2839321
11227809
4112686
3481828
18093928
27581
34413
4216745
153724
574594
2793150
223918
1568091
215497
2559527
109383
47847694
4685450
6255106
529085
3106452
767372
19843506
2784514
7520432
19209650
32635704
3422673
51630260
2020088
70689
41577234
322715
57330766
26245139
2265503
85190
214741
3066590
1625234
43574426
70324
26446599
147181
413898
2983248
48499310
290884
34571
339699
10861852
1200621
5585779
4716503
3028306
7056749
6115896
5665156
4076601
7220681
2885173
1555262
24471109
48079120
309424
541487
9864267
2201925
4772425
44765194
6729605
285793
326390
5003142
4955635
39849984
6865538
271526
2371118
140131
9109438
1519736
1969442
25425130
9655181
245062
10367698
46898
1386275
4732544
2736389
37335
37628
35186
32342864
20389255
1532461
23653778
8881291
52353
21955256
219585
1560788
44912203
2340406
3404301
13042008
4969171
17408769
3059333
3403909
21076179
33203379
1128723
3052442
94361
869033
32568261
4343202
160970
6592468
2671496
9619030
4166966
2642777
44724185
438146
320542
3144610
8710619
2448843
1393486
106591
921262
178479
60764
40006317
10786042
7026507
1299837
798545
41107
1457863
1688099
17973970
992019
355167
1757065
2605032
520328
3872063
1102891
3301635
21105403
1066318
5868369
4459058
3541077
2811001
1565388
3728062
22489398
361975
322749
3572160
3325387
22458575
80476
1235179
1915166
3615721
671049
1464291
49221312