20109391
15112125
1373164
23294658
509211
240178
47152691
1132941
53645882
2612802
20449427
1207406
952914
312443
59130200
20002503
986006
423379
20625582
36901
419163
291978
5767228
17071871
1101750
89228
17778372
370357
613183
1663807
231767
16424091
1894269
2158395
16476924
1832940
19913659
11205254
29640685
36250353
49775502
19960077
533905
2709821
6260089
48054321
394809
36921951
14132789
306313
38987
493386
10865116
7129285
1436703
20646822
1680528
466345
10434599
2295290
100003
3277503
39922986
53218931
39980323
323972
480214
34835951
3431676
2600191
15705630
2953834
902408
132988
4383571
1301346
4836710
7961363
32815451
67631
8049520
19158339
739654
464864
3294889
3207219
8949252
47993443
522563
3172470
39983695
582336
448271
379906
3061
28654047
104420
10990137
21122540
31915018
45621722
9189172
7546050
3701646
16044229
4706499
2371436
434287
15479928
180986
12680754
9961563
4760215
2960772
3906137
2081640
826948
127803
60208
25336726
7053652
1504717
5036700
72899
12453580
5893163
15891038
209840
252703
287871
52413246
3323001
455612
5082452
1867861
16981921
107705
743806
9001509
68645
3394835
54432583
576169
1009860
10062954
22219004
8548030
5466451
931092
4020539
1466000
33225947
20250771
492519
33533148
606191
189645
2068372
988228
2817869
2612610
31726643
28931224
5753597
1912434
13905741
58177145
9942594
2846653
23708898
152580
3085696
1267869
6473679
3277367
4693120
23435270
68961796
65264616
82831
354038
4289331
4256107
230751
375427
510357
3437059
5458048
1247486
35491274
11556958
24085680
1534210
7023052
176918
4700614
2921847
6920302
3052793
6269765