76024224
76024219
76024217
76024202
76024167
76024153
76024137
76024129
76024125
76024124
76024118
76024117
76024112
76024008
76024007
76023998
76023983
76023963
76023945
76023938
76023933
76023929
76023916
76023876
76023894
76023889
76023880
76023858
76023852
76023809
76023799
76023785
76023771
76023767
76023766
76023764
76023760
76023755
76023724
76023719
76023718
76023706
76023703
76023698
76023682
76023673
76023652
76023648
76023629
76023622
76023629
76023622
76023613
76023605
76023599
76023593
76023590
76023575
76023573
76023569
76023564
76023559
76023530
76023508
76023492
76023490
76023474
76023451
76023439
76023433
76023394
76023358
76023357
76023355
76023332
76023324
76023299
76023269
76023252
76023247
76023246
76023235
76023127
76023125
76023117
76023097
76023089
76023085
76023066
76023060
76023025
76023007
76022992
76022988
76022985
76022975
76022967
76022937
76022924
76022890
76022868
76022862
76022838
76022822
76022821
76022817
76022812
76022811
76022795
76022794
76022787
76022783
76022762
76022736
76022730
76022694
76022687
76022679
76022678
76022661
76022646
76022634
76022579
76022577
76022561
76022555
76022548
76022519
76022512
76022507
76022501
76022469
76022463
76022457
76022455
76022445
76022427
76022412
76022408
76022378
76022365
76022359
76022357
76022351
76022329
76022321
76022304
76022291
76022286
76022261
76022261
76022258
76022237
76022234
76022226
76022213
76022203
76022183
76022178
76022167
76022112
76022101
76022058
76022054
76022035
76022019
76022014
76021996
76021971
76021962
76021933
76021931
76021929
76021927
76021918
76021914
76021906
76021892
76021878
76021870
76021859
76021857
76021762
76021704
76021698
76021696
76021692
76021688
76021665
76021607
76021606
76021571
76021525
76021504
76021501
76021498
76021476
76021473
76021462
76021451
76021448
76021421
76021345
76021304
76021302
76021299
76021282
76021279
76021277
76021275
76021264
76021251
76021222
76021202
76021173
76021171
76021140
76021133
76021110
76021108
76021087
76021017
76020971
76020966
76020954
76020948
76020929
76020926
76020922
76020895
76020879
76020870
76020838
76020832
76020824
76020786
76020762
76020734
76020732
76020713
76020709
76020698
76020687
76020684
76020681
76020662
76020661
76020660
76020652
76020646
76020626
76020620
76020608
76020607
76020588
76020567
76020560
76020491
76020481
76020437
76020424
76020422
76020402
76020376
76020355
76020335
76020323
76020318
76020306
76020302
76020286
76020261
76020247
76020231
76020210
76020196
76020194
76020182
76020167
76020133
76020132
76020123
76020081
76020065
76020060
76020024
76020013
76019997
76019995
76019985
76019972
76019932
76019931
76019929
76019913
76019893
76019887
76019862
76019861
76019850
76019845
76019829
76019816
76019794
76019779
76019757
76019752
76019746
76019731
76019728
76019722
76019700
76019698
76019650
76019626
76019616
76019606
76019601
76019591
76019587
76019554
76019548
76019542
76019538
76019530
76019528
76019488
76019465
76019458
76019454
76019417
76019411
76019408
76019403
76019365
76019338
76019310
76019301
76019291
76019290
76019272
76019266
76019250
76019214
76019211
76019196
76019150
76019142
76019139
76019129
76019115
76019113
76019110
76019094
76019086
76019067
76019052
76019050
76019043
76019034
76019033
76019021
76019012
76019003
76018993
76018972
76018950
76018926
76018892
76018890
76018847
76018817
76018809
76018805
76018799
76018783
76018754
76018739
76018722
76018703
76018681
76018679
76018671
76018662
76018659
76018630
76018612
76018602
76018522
76018508
76018505
76018500
76018498
76018484
76018468
76018461
76018454
76018431
76018423
76018416
76018415
76018374
76018372
76018369
76018355
76018339
76018320
76018315
76018299
76018296
76018280
76018245
76018241
76018235
76018208
76018205
76018187
76018186
76018174
76018173
76018149
76018146
76018138
76018125
76018116
76018077
76018075
76018074
76018071
76018062
76018051
76018045
76018041
76018032
76018031
76018028
76018022
76018021
76018007
76017983
76017982
76017973
76017971
76017949
76017938
76017935
76017918
76017868
76017857
76017853
76017847
76017814
76017807
76017802
76017797
76017784
76017771
76017745
76017742
76017730
76017725
76017702
76017701
76017682
76017680
76017671
76017665
76017663
76017652
76017633
76017589
76017575
76017567
76017555
76017510
76017505
76017503
76017497
76017493
76017459
76017450
76017409
76017434
76017432
76017427
76017423
76017418
76017414
76017402
76017400
76017392
76017390
76017388
76017380
76017376
76017371
76017368
76017363
76017357
76017315
76017315
76017296
76017284
76017249
76017243
76017236
76017231
76017229
76017215
76017208
76017172
76017157
76017134
76017106
76017091
76017076
76017017
76017009
76017002
76016988
76016971
76016966
76016962
76016928
76016918
76016890
76016843
76016842
76016840
76016833
76016826
76016806
76016774
76016770
76016761
76016755
76016754
76016753
76016726
76016706
76016699
76016674
76016658
76016646
76016640
76016626
76016620
76016589
76016567
76016543
76016526
76016478
76016473
76016458
76016453
76016442
76016434
76016429
76016402
76016401
76016398
76016383
76016360
76016355
76016354
76016348
76016345
76016343
76016335
76016331
76016299
76016289
76016276
76016271
76016270
76016252
76016233
76016231
76016225
76016217
76016176
76016174
76016166
76016121
76016101
76016096
76016062
76016056
76016053
76016040
76016020
76015992
76015977
76015968
76015967
76015945
76015935
76015932
76015925
76015924
76015918
76015906
76015895
76015869
76015864
76015860
76015819
76015815
76015812
76015806
76015776
76015769
76015746
76015742
76015732
76015672
76015670
76015656
76015650
76015647
76015646
76015643
76015629
76015607
76015606
76015595
76015581
76015541
76015528
76015513
76015512
76015477
76015475
76015468
76015434
76015423
76015375
76015379
76015369
76015368
76015336
76015335
76015283
76015265
76015262
76015243
76015196
76015180
76015179
76015161
76015142
76015141
76015139
76015092
76015090
76015037
76014992
76014990
76014975
76014966
76014955
76014923
76014893
76014883
76014858
76014849
76014845
76014843
76014835
76014824
76014818
76014811
76014757
76014754
76014748
76014723
76014707
76014701
76014688
76014658
76014645
76014644
76014629
76014586
76014585
76014556
76014544
76014537
76014535
76014532
76014522
76014499
76014486
76014439
76014436
76014399
76014376
76014354
76014348
76014335
76014322
76014313
76014302
76014288
76014260
76014255
76014251
76014245
76014235
76014229
76014217
76014174
76014168
76014158
76014122
76014116
76014099
76014092
76014087
76014066
76014056
76014029
76014024
76014016
76014002
76013990
76013985
76013983
76013982
76013970
76013942
76013936
76013930
76013923
76013902
76013901
76013895
76013881
76013851
76013820
76013811
76013809
76013780
76013764
76013753
76013725
76013713
76013711
76013695
76013681
76013593
76013575
76013562
76013485
76013479
76013478
76013440
76013404
76013389
76013384
76013369
76013359
76013357
76013351
76013316
76013312
76013296
76013260
76013256
76013220
76013203
76013185
76013170
76013112
76013098
76013094
76013083
76013081
76013072
76013044
76013034
76013032
76013029
76013015
76013013
76013000
76012995
76012985
76012982
76012980
76012979
76012962
76012955
76012934
76012927
76012917
76012912
76012878
76012847
76012845
76012830
76012794
76012772
76012767
76012755
76012753
76012749
76012722
76012701
76012692
76012671
76012665
76012660
76012657
76012644
76012642
76012616
76012578
76012563
76012557
76012541
76012523
76012522
76012510
76012505
76012504
76012502
76012491
76012468
76012422
76012412
76012400
76012392
76012376
76012360
76012357
76012341
76012324
76012323
76012322
76012314
76012299
76012290
76012280
76012256
76012237
76012206
76012189
76012185
76012178
76012159
76012111
76012107
76012090
76012070
76012061
76012038
76012035
76012031
76012029
76012025
76012020
76011962
76011957
76011951
76011928
76011925
76011899
76011891
76011888
76011879
76011873
76011833
76011815
76011799
76011795
76011794
76011790
76011769
76011734
76011720
76011713
76011712
76011710
76011675
76011623
76011610
76011603
76011602
76011595
76011575
76011564
76011520
76011502
76011471
76011466
76011453
76011448
76011446
76011413
76011401
76011400
76011372
76011364
76011308
76011304
76011270
76011264
76011246
76011244
76011242
76011223
76011221
76011210
76011192
76011184
76011165
76011134
76011123
76011120
76011097
76011075
76010997
76010981
76010972
76010959
76010911
76010909
76010876
76010874
76010862
76010855
76010846
76010844
76010837
76010760
76010749
76010744
76010728
76010724
76010710
76010709
76010690
76010676
76010670
76010660
76010649
76010643
76010628
76010621
76010621
76010617
76010585
76010578
76010573
76010568
76010559
76010558
76010539
76010529
76010501
76010499
76010492
76010482
76010481
76010474
76010442
76010441
76010433
76010428
76010415
76010410
76010409
76010407
76010381
76010373
76010368
76010354
76010335
76010332
76010331
76010323
76010283
76010252
76010248
76010242
76010217
76010212
76010188
76010168
76010160
76010130
76010127
76010122
76010119
76010113
76010111
76010100
76010097
76010077